201810001
201810002
201810003
201810004
201810005
201810006
201810007
201810008
201810009
201810010
201810011
201810013
201810015
201810017
201810019
201810020
201810022
201810023
201810025
201810026
201810029
201810030
201810031
201810033
201810034
201810035
201810036
201810037
201810038
201810039
201810040
201810041
201810042
201810044
201810045
201810046
201810049
201810050
201810051
201810053
201810056
201810057
201810058
201810059
201810060
201810061
201810062
201810063
201810064
201810065
201810066
201810067
201810069
201810072
201810073
201810074
201810075
201810076
201810077
201810078
201810079
201810081
201810082
201810083
201810084
201810085
201810089
201810090
201810091
201810092
201810094
201810096
201810097
201810098
201810099
201810100
201810101
201810102
201810104
201810107
201810108
201810110
201810111
201810115
201810116
201810117
201810120
201810123
201810125
201810126
201810127
201810128
201810129
201810131
201810132
201810133
201810134
201810136
201810138
201810141
201810142
201810143
201810147
201810148
201810149
201810151
201810152
201810153
201810155
201810156
201810157
201810158
201810159
201810160
201810161
201810163
201810164
201810165
201810166
201810167
201810168
201810169
201810170
201810171
201810172
201810173
201810174
201810175
201810176
201810178
201810179
201810180
201810181
201810185
201810187
201810188
201810190
201810191
201810195
201810196
201810197
201810198
201810199
201810201
201810202
201810203
201810204
201810205
201810210
201810211
201810212
201810214
201810216
201810217
201810218
201810219
201810220
201810221
201810222
201810223
201810224
201810226
201810229
201810230
201810232
201810233
201810234
201810235
201810236
201810237
201810238
201810239
201810241
201810243
201810244
201810245
201810246
201810247
201810248
201810250
201810251
201810253
201810255
201810256
201810257
201810258
201810260
201810261
201810262
201810263
201810264
201810265
201810266
201810269
201810272
201810274
201810275
201810276
201810277
201810278
201810279
201810280
201810281
201810284
201810285
201810286
201810287
201810288
201810289
201810290
201810291
201810294
201810295
201810296
201810298
201810300
201810301
201810303
201810304
201810306
201810307
201810308
201810310
201810313
201810315
201810316
201810317
201810322
201810323
201810324
201810326
201810328
201810329
201810330
201810331
201810333
201810334
201810337
201810339
201810340
201810341
201810343
201810344
201810347
201810348
201810350
201810351
201810352
201810353
201810355
201810356
201810358
201810362
201810363
201810366
201810367
201810372
201810373
201810375
201810376
201810377
201810379
201810380
201810381
201810382
201810384
201810385
201810390
201810391
201810393
201810395
201810396
201810398
201810400
201810401
201810402
201810403
201810405
201810406
201810407
201810408
201810410
201810411
201810413
201810414
201810415
201810416
201810417
201810418
201810419
201810422
201810423
201810424
201810425
201810435
201810437
201810440
201810441
201810444
201810445
201810446
201810448
201810449
201810451
201810452
201810453
201810455
201810456
201810457
201810458
201810459
201810461
201810462
201810463
201810464
201810467
201810468
201810472
201810473
201810475
201810476
201810478
201810480
201810481
201810482
201810484
201810485
201810486
201810487
201810488
201810489
201810494
201810495
201810496
201810497
201810498
201810500
201810501
201810503
201810505
201810508
201810510
201810513
201810514
201810515
201810516
201810517
201810520
201810523
201810524
201810525
201810528
201810529
201810530
201810532
201810533
201810534
201810537
201810539
201810540
201810541
201810542
201810543
201810544
201810546
201810547
201810548
201810549
201810550
201810551
201810552
201810555
201810557
201810558
201810561
201810563
201810564
201810565
201810566
201810567
201810568
201810569
201810571
201810573
201810574
201810575
201810577
201810582
201810583
201810584
201810585
201810586
201810588
201810589
201810590
201810591
201810592
201810593
201810594
201810597
201810598
201810599
201810600
201810602
201810604
201810605
201810608
201810609
201810613
201810615
201810617
201810619
201810620
201810621
201810622
201810624
201810625
201810626
201810627
201810628
201810630
201810631
201810634
201810635
201810636
201810637
201810640
201810641
201810642
201810644
201810645
201810646
201810647
201810649
201810650
201810651
201810654
201810656
201810657
201810660
201810662
201810665
201810666
201810668
201810669
201810672
201810673
201810674
201810675
201810677
201810678
201810679
201810680
201810681
201810683
201810684
201810687
201810689
201810690
201810691
201810693
201810695
201810697
201810698
201810699
201810701
201810707
201810709
201810710
201810711
201810712
201810713
201810714
201810719
201810720
201810721
201810722
201810723
201810724
201810725
201810726
201810727
201810729
201810731
201810734
201810735
201810736
201810737
201810738
201810739
201810740
201810741
201810742
201810744
201810745
201810746
201810747
201810748
201810750
201810751
201810752
201810757
201810760
201810762
201810766
201810768
201810774
201810775
201810780
201810788
201810789
201810790
201810793
201810795
201810796
201810797
201810798
201810800
201810802
201810803
201810806
201810807
201810808
201810810
201810811
201810812
201810817
201810818
201810819
201810820
201810821
201810824
201810826
201810827
201810829
201810831
201810832
201810833
201810837
201810838
201810840
201810841
201810843
201810847
201810848
201810849
201810850
201810851
201810852
201810853
201810854
201810858
201810862
201810863
201810865
201810868
201810871
201810875
201810877
201810878
201810879
201810881
201810882
201810884
201810886
201810887
201810889
201810890
201810891
201810893
201810896
201810898
201810900
201810901
201810902
201810903
201810904
201810905
201810906
201810907
201810908
201810910
201810912
201810913
201810914
201810915
201810916
201810917
201810918
201810919
201810920
201810921
201810922
201810923
201810924
201810925
201810928
201810929
201810930
201810931
201810933
201810935
201810936
201810937
201810938
201810939
201810940
201810941
201810942
201810944
201810945
201810946
201810947
201810948
201810949
201810951
201810952
201810953
201810954
201810955
201810956
201810957
201810958
201810960
201810961
201810962
201810963
201810964
201810965
201810967
201810969
201810971
201810972
201810973
201810974
201810975
201810977
201810978
201810982
201810983
201810984
201810985
201810986
201810987
201810988
201810992
201810993
201810994
201810996
201810997
201810998
201810999
201811000
201811001
201811002
201811003
201811006
201811007
201811008
201811009
201811011
201811012
201811013
201811018
201811019
201811020
201811021
201811024
201811025
201811027
201811029
201811030
201811031
201811033
201811035
201811037
201811038
201811039
201811041
201811042
201811044
201811045
201811047
201811048
201811049
201811050
201811053
201811054
201811057
201811059
201811061
201811062
201811064
201811065
201811066
201811067
201811070
201811072
201811074
201811076
201811079
201811080
201811082
201811084
201811085
201811086
201811088
201811089
201811090
201811091
201811092
201811094
201811095
201811096
201811097
201811100
201811103
201811104
201811105
201811106
201811107
201811108
201811109
201811111
201811113
201811115
201811116
201811118
201811120
201811122
201811123
201811124
201811125
201811126
201811127
201811128
201811130
201811133
201811134
201811136
201811138
201811139
201811141
201811142
201811143
201811144
201811145
201811146
201811148
201811149
201811150
201811152
201811153
201811154
201811155
201811156
201811158
201811159
201811160
201811161
201811162
201811163
201811164
201811166
201811167
201811171
201811172
201811173
201811174
201811176
201811177
201811179
201811180
201811181
201811183
201811185
201811186
201811187
201811189
201811192
201811193
201811194
201811195
201811196
201811197
201811198
201811199
201811200
201811202
201811203
201811204
201811205
201811206
201811207
201811210
201811211
201811212
201811213
201811214
201811215
201811216
201811218
201811221
201811222
201811223
201811224
201811226
201811227
201811230
201811231
201811232
201811233
201811234
201811237
201811238
201811241
201811246
201811247
201811248
201811251
201811252
201811256
201811257
201811258
201811261
201811262
201811263
201811265
201811266
201811268
201811269
201811271
201811272
201811273
201811274
201811275
201811278
201811279
201811282
201811283
201811286
201811287
201811288
201811291
201811294
201811296
201811297
201811298
201811299
201811301
201811302
201811304
201811306
201811310
201811312
201811314
201811315
201811316
201811318
201811319
201811321
201811323
201811324
201811325
201811326
201811328
201811330
201811332
201811333
201811335
201811336
201811338
201811340
201811341
201811342
201811343
201811344
201811345
201811346
201811347
201811349
201811350
201811352
201811353
201811354
201811355
201811357
201811358
201811359
201811360
201811361
201811362
201811364
201811365
201811366
201811368
201811372
201811375
201811376
201811377
201811378
201811379
201811380
201811382
201811386
201811387
201811391
201811392
201811394
201811395
201811396
201811397
201811398
201811400
201811401
201811402
201811403
201811404
201811405
201811406
201811407
201811410
201811411
201811412
201811413
201811414
201811415
201811416
201811419
201811421
201811423
201811425
201811427
201811428
201811429
201811430
201811431
201811434
201811435
201811436
201811439
201811440
201811441
201811442
201811443
201811444
201811445
201811446
201811447
201811448
201811450
201811451
201811452
201811454
201811455
201811456
201811459
201811460
201811462
201811463
201811464
201811465
201811466
201811468
201811469
201811471
201811472
201811473
201811474
201811475
201811476
201811477
201811478
201811479
201811480
201811481
201811484
201811488
201811489
201811490
201811491
201811492
201811494
201811498
201811499
201811500
201811504
201811506
201811507
201811508
201811509
201811510
201811513
201811514
201811515
201811516
201811518
201811519
201811520
201811521
201811523
201811524
201811525
201811527
201811528
201811529
201811530
201811531
201811532
201811533
201811534
201811536
201811537
201811539
201811540
201811542
201811543
201811544
201811545
201811546
201811547
201811548
201811550
201811551
201811552
201811553
201811554
201811555
201811558
201811559
201811560
201811563
201811564
201811567
201811570
201811571
201811572
201811573
201811574
201811575
201811576
201811577
201811578
201811580
201811581
201811582
201811585
201811588
201811590
201811593
201811594
201811595
201811596
201811598
201811603
201811604
201811606
201811607
201811608
201811613
201811616
201811617
201811618
201811621
201811622
201811625
201811628
201811630
201811631
201811635
201811636
201811637
201811638
201811641
201811642
201811646
201811647
201811649
201811651
201811654
201811657
201811658
201811662
201811663
201811664
201811666
201811669
201811671
201811674
201811676
201811677
201811679
201811680
201811681
201811682
201811684
201811685
201811686
201811690
201811692
201811693
201811695
201811696
201811697
201811698
201811699
201811701
201811702
201811703
201811704
201811708
201811709
201811710
201811711
201811712
201811714
201811715
201811717
201811718
201811719
201811722
201811731
201811733
201811734
201811735
201811736
201811738
201811742
201811745
201811746
201811747
201811750
201811751
201811753
201811754
201811755
201811757
201811758
201811760
201811761
201811762
201811764
201811767
201811769
201811770
201811773
201811778
201811779
201811784
201811786
201811787
201811790
201811792
201811794
201811795
201811797
201811798
201811799
201811800
201811801
201811804
201811805
201811806
201811808
201811811
201811812
201811813
201811814
201811818
201811819
201811820
201811822
201811823
201811824
201811825
201811826
201811828
201811829
201811831
201811834
201811835
201811836
201811837
201811838
201811839
201811840
201811843
201811844
201811845
201811847
201811848
201811850
201811854
201811859
201811861
201811864
201811865
201811866
201811867
201811868
201811870
201811872
201811873
201811875
201811876
201811880
201811881
201811883
201811885
201811886
201811889
201811890
201811892
201811893
201811894
201811895
201811897
201811898
201811899
201811902
201811903
201811904
201811905
201811908
201811910
201811913
201811915
201811916
201811917
201811918
201811919
201811920
201811921
201811922
201811924
201811926
201811929
201811930
201811931
201811934
201811935
201811938
201811939
201811940
201811941
201811942
201811943
201811945
201811946
201811947
201811949
201811950
201811956
201811957
201811958
201811961
201811965
201811967
201811968
201811969
201811970
201811971
201811972
201811974
201811975
201811976
201811977
201811978
201811979
201811980
201811981
201811982
201811983
201811986
201811987
201811988
201811989
201811990
201811994
201811995
201811996
201811997
201811998
201811999
201812003
201812004
201812006
201812007
201812008
201812010
201812011
201812013
201812016
201812017
201812021
201812025
201812026
201812027
201812029
201812030
201812035
201812037
201812038
201812040
201812041
201812042
201812043
201812044
201812047
201812051
201812052
201812053
201812056
201812057
201812062
201812064
201812070
201812075
201812077
201812081
201812082
201812085
201812092
201812097
201812098
201812099
201812100
201812104
201812111
201812112
201812114
201812116
201812121
201812123
201812128
201812129
201812137
201812143
201812144
201812147
201812153
201812158
201812159
201812160
201812162
201812165
201812167
201812168
201812170
201812171
201812178
201812185
201812188
201812189
201812190
201812191
201812207
201812211
201812213
201812218
201812220
201812221
201812222
201812224
201812234
201812235
201812240
201812246
201812250
201812251
201812253
201812254
201812256
201812257
201812260
201812261
201812263
201812264
201812266
201812267
201812269
201812272
201812273
201812275
201812276
201812277
201812278
201812279
201812286
201812287
201812288
201812291
201812292
201812293
201812294
201812295
201812297
201812298
201812299
201812300
201812303
201812304
201812305
201812306
201820002
201820004
201820005
201820026
201820028
201820031
201820034
201820037
201820039
201820041
201820042
201820043
201820044
201820045
201820046
201820049
201820052
201820060
201820064
201820065
201820068
201820069
201820078
201820081
201820090
201820092
201820096
201820106
201820107
201820110
201820114
201820118
201820121
201820125
201820127
201820131
201820132
201820133
201820140
201820141
201820142
201820146
201820149
201820152
201820155
201820156
201820157
201820162
201820164
201820166
201820167
201820168
201820170
201820172
201820173
201820175
201820177
201820178
201820179
201820182
201820185
201820187
201820188
201820191
201820192
201820195
201820196
201820197
201820199
201820200
201820201
201820203
201820204
201820209
201820210
201820213
201820215
201820218
201820220
201820223
201820224
201820225
201820226
201820230
201820232
201820233
201820234
201820235
201820240
201820241
201820243
201820244
201820248
201820249
201820250
201820251
201820252
201820254
201820256
201820261
201820262
201820264
201820265
201820267
201820273
201820274
201820275
201820277
201820278
201820279
201820280
201820283
201820285
201820286
201820287
201820289
201820290
201820292
201820293
201820295
201820304
201820305
201820307
201820308
201820314
201820315
201820319
201820321
201820323
201820324
201820326
201820328
201820329
201820330
201820331
201820332
201820333
201820335
201820336
201820338
201820340
201820344
201820345
201820350
201820356
201820357
201820358
201820364
201820365
201820366
201820369
201820370
201820373
201820374
201820375
201820381
201820383
201820385
201820386
201820387
201820395
201820397
201820398
201820404
201820405
201820408
201820411
201820418
201820420
201820424
201820426
201820427
201820428
201820429
201820430
201820431
201820433
201820434
201820436
201820440
201820442
201820443
201820445
201820452
201820459
201820462
201820467
201820469
201820473
201820474
201820475
201820479
201820481
201820483
201820487
201820490
201820491
201820493
201820495
201820497
201820502
201820514
201820517
201820530
201820544
201820553
201820554
201820559
201820561
201820572
201820574
201820579
201820580
201820581
201820584
201820587
201820599
201820611
201820614
201820618
201820623
201820625
201820629
201820633
201820638
201820648
201820651
201820652
201820667
201820668
201820686
201820688
201820689
201820692
201820694
201820702
201820703
201820704
201820705
201820706
201820707
201820709
201820711
201820712
201820715
201820716
201820717
201820718
201820721
201820723
201820726
201820734
201820736
201820737
201820740
201820742
201820743
201820744
201820748
201820749
201820750
201820751
201820754
201820755
201820756
201820760
201820761
201820765
201820767
201820776
201820777
201820778
201820779
201820780
201820781
201820783
201820787
201820790
201820791
201820792
201820793
201820794
201820799
201820801
201820815
201820817
201820825
201820828
201820829
201820835
201820836
201820837
201820842
201820856
201820869
201820872
201820881
201820894
201820895
201820897
201820903
201820927
201820929
201820936
201820941
201820943
201820945
201820949
201820957
201820959
201820962
201820963
201820969
201820983
201820991
201820994
201820995
201820996
201821005
201821015
201821018
201821021
201821022
201821032
201821034
201821035
201821038
201821043
201821046
201821048
201821050
201821055
201821063
201821067
201821071
201821075
201821078
201821081
201821083
201821085
201821086
201821087
201821097
201821099
201821106
201821108
201821110
201821117
201821129
201821135
201821138
201821139
201821140
201821147
201821149
201821155
201821162
201821168
201821174
201821175
201821179
201821180
201821184
201821195
201821197
201821205
201821217
201821224
201821230
201821235
201821236
201821237
201821242
201821247
201821250
201821256
201821262
201821263
201821264
201821267
201821268
201821275
201821276
201821287
201821288
201821291
201821292
201821295
201821297
201821300
201821303
201821304
201821307
201821309
201821314
201821315
201821317
201821319
201821321
201821324
201821325
201821327
201821329
201821330
201821338
201821339
201821340
201821343
201821344
201821348
201821349
201821350
201821351
201821354
201821357
201821358
201821362
201821363
201821368
201821369
201821371
201821374
201821376
201821379
201821382
201821383
201821393
201821394
201821396
201821399
201821401
201821402
201821403
201821411
201821412
201821413
201821414
201821415
201821417
201821418
201821420
201821424
201821430
201821432
201821435
201821436
201821437
201821439
201821443
201821446
201821447
201821449
201821452
201821453
201821455
201821458
201821459
201821460
201821461
201821463
201821470
201821475
201821478
201821483
201821485
201821487
201821488
201821493
201821495
201821496
201821512
201821517
201821518
201821519
201821522
201821526
201821527
201821531
201821533
201821536
201821538
201821540
201821541
201821543
201821546
201821549
201821550
201821551
201821552
201821553
201821555
201821557
201821558
201821559
201821565
201821569
201821571
201821572
201821578
201821580
201821581
201821583
201821587
201821589
201821590
201821591
201821592
201821593
201821595
201821598
201821599
201821600
201821601
201821602
201821603
201821607
201821609
201821610
201821614
201821616
201821620
201821622
201821623
201821624
201821626
201821627
201821629
201821635
201821637
201821639
201821640
201821642
201821643
201821644
201821648
201821649
201821650
201821651
201821653
201821655
201821656
201821657
201821660
201821661
201821666
201821668
201821669
201821671
201821672
201821673
201821674
201821676
201821683
201821684
201821685
201821686
201821687
201821689
201821692
201821694
201821695
201821696
201821699
201821700
201821701
201821703
201821704
201821705
201821706
201821707
201821709
201821711
201821712
201821713
201821714
201821715
201821717
201821720
201821721
201821723
201821725
201821728
201821730
201821732
201821734
201821735
201821737
201821738
201821739
201821740
201821743
201821744
201821749
201821750
201821756
201821758
201821759
201821763
201821765
201821768
201821772
201821773
201821774
201821775
201821779
201821781
201821782
201821784
201821785
201821788
201821794
201821796
201821797
201821798
201821799
201821803
201821810
201821811
201821812
201821817
201821818
201821821
201821827
201821829
201821830
201821834
201821835
201821836
201821839
201821841
201821842
201821848
201821849
201821851
201821852
201821853
201821855
201821856
201821857
201821860
201821861
201821862
201821866
201821867
201821868
201821870
201821871
201821874
201821877
201821879
201821880
201821881
201821882
201821884
201821887
201821888
201821889
201821890
201821891
201821896
201821897
201821899
201821901
201821903
201821905
201821906
201821907
201821911
201821912
201821914
201821915
201821916
201821918
201821920
201821921
201821923
201821927
201821928
201821929
201821930
201821931
201821932
201821933
201821936
201821939
201821940
201821943
201821944
201821947
201821948
201821949
201821950
201821951
201821954
201821957
201821958
201821959
201821960
201821961
201821962
201821964
201821965
201821967
201821969
201821972
201821975
201821976
201821977
201821979
201821981
201821984
201821985
201821987
201821991
201821992
201821996
201821997
201821998
201822000
201822001
201822002
201822003
201822006
201822009
201822010
201822011
201822012
201822017
201822018
201822019
201822020
201822021
201822022
201822023
201822024
201822025
201822027
201822028
201822031
201822032
201822033
201822034
201822035
201822036
201822039
201822041
201822044
201822045
201822046
201822048
201822049
201822050
201822052
201822053
201822054
201822055
201822058
201822060
201822062
201822063
201822065
201822066
201822067
201822068
201822070
201822072
201822074
201822075
201822078
201822079
201822080
201822081
201822082
201822084
201822085
201822086
201822087
201822088
201822090
201822091
201822093
201822095
201822097
201822098
201822099
201822101
201822103
201822107
201822108
201822110
201822112
201822113
201822114
201822115
201822118
201822119
201822120
201822123
201822124
201822125
201822127
201822128
201822129
201822134
201822135
201822137
201822139
201822141
201822142
201822143
201822144
201822145
201822150
201822152
201822156
201822157
201822158
201822161
201822162
201822163
201822164
201822166
201822167
201822170
201822171
201822172
201822173
201822174
201822175
201822176
201822177
201822178
201822180
201822182
201822183
201822184
201822186
201822189
201822190
201822192
201822194
201822195
201822197
201822198
201822199
201822201
201822202
201822203
201822204
201822205
201822208
201822210
201822211
201822212
201822214
201822215
201822216
201822218
201822219
201822222
201822226
201822227
201822228
201822229
201822230
201822231
201822237
201822238
201822241
201822245
201822247
201822249
201822250
201822251
201822254
201822255
201822256
201822257
201822260
201822261
201822262
201822263
201822265
201822266
201822267
201822268
201822271
201822272
201822273
201822274
201822276
201822279
201822283
201822284
201822288
201822289
201822290
201822292
201822293
201822296
201822297
201822298
201822299
201822300
201822301
201822302
201822304
201822307
201822308
